              precision    recall  f1-score   support

     1161364       1.00      1.00      1.00         2
      116570       1.00      1.00      1.00         1
     1176823       1.00      0.50      0.67         2
     1595929       1.00      1.00      1.00         1
      209233       1.00      1.00      1.00         1
       22930       1.00      1.00      1.00         1
       22956       0.80      0.67      0.73         6
       22961       0.00      0.00      0.00         1
       22967       0.00      0.00      0.00         1
       22973       0.62      0.62      0.62        13
       22983       1.00      1.00      1.00         2
       22985       0.00      0.00      0.00         1
       23150       1.00      1.00      1.00         1
       23154       1.00      1.00      1.00         1
       23158       0.43      0.60      0.50         5
       23176       0.50      1.00      0.67         1
       23724       1.00      1.00      1.00         1
       24279       1.00      0.78      0.88         9
       24285       0.80      1.00      0.89         4
       24287       1.00      1.00      1.00         2
       24321       1.00      1.00      1.00         1
      244024       0.92      0.92      0.92        36
       25092       1.00      0.20      0.33         5
       25214       1.00      1.00      1.00         1
      326272       1.00      0.60      0.75         5
       41970       0.75      0.75      0.75         4
       43435       1.00      0.67      0.80         3
       47144       0.40      0.44      0.42         9
      476521       1.00      1.00      1.00         1
      516975       1.00      1.00      1.00         1
      555123       1.00      1.00      1.00         1
      555145       1.00      0.50      0.67         2
      555146       0.75      1.00      0.86         3
       64898       1.00      1.00      1.00         1
       65377       0.86      0.67      0.75         9
       65380       0.33      0.25      0.29         4
       66971       1.00      1.00      1.00         1
       67107       1.00      1.00      1.00         3
       67252       1.00      1.00      1.00         1
       70711       1.00      1.00      1.00         1
      738183       1.00      1.00      1.00         1
       74113       0.50      0.50      0.50         2
       74580       0.00      0.00      0.00         1
      760266       0.00      0.00      0.00         1
     ashgre1       0.94      0.81      0.87        21
     astcra1       0.92      0.88      0.90        26
     bafcur1       1.00      0.70      0.82        10
     baffal1       0.94      0.94      0.94        67
      banana       0.77      0.79      0.78       100
     barant1       0.90      0.85      0.87        91
     batbel1       0.88      0.96      0.92        46
      baymac       0.81      0.88      0.84        33
      bbwduc       0.87      0.89      0.88        98
     bcwfin2       0.67      0.55      0.60        11
      bkcdon       0.94      0.84      0.89        38
      bkhpar       0.91      0.91      0.91        22
     blchaw1       0.82      0.75      0.78        12
     blheag1       0.92      0.97      0.94        34
     blttit1       1.00      0.93      0.96        14
      bncfly       0.91      0.91      0.91        98
     bobfly1       0.85      0.88      0.86        98
     brcmar1       0.91      0.84      0.88        25
      brnowl       0.72      0.83      0.77        95
     bucmot4       0.88      0.82      0.85        34
      bucpar       0.88      0.88      0.88        25
      bufpar       0.72      0.88      0.79        41
     bunibi1       0.94      0.91      0.93        35
      burowl       0.86      0.75      0.80        48
     camfli1       0.87      0.83      0.85        24
     chacha1       0.86      0.95      0.90        20
     chbmoc1       0.87      0.87      0.87        54
     chobla1       0.84      0.88      0.86        49
     chvcon1       0.89      0.67      0.76        24
     cibspi1       0.80      1.00      0.89         8
     coffal1       0.92      0.92      0.92        99
      compau       0.82      0.84      0.83        99
     compot1       0.87      0.81      0.84        74
     crbthr1       0.73      0.83      0.78        54
     crebec1       0.93      0.81      0.87        16
     dwatin1       1.00      0.75      0.86         4
     epaori4       0.81      0.76      0.78        38
     eulfly1       0.89      0.90      0.90        71
     fabwre1       1.00      1.00      1.00        16
      fepowl       0.79      0.81      0.80        99
     ficman1       0.93      1.00      0.96        13
     flawar1       1.00      0.90      0.95        41
      fotfly       0.76      0.76      0.76        17
     fusfly1       0.93      0.78      0.85        50
     gilhum1       0.74      0.74      0.74        23
     giwrai1       0.69      0.82      0.75        22
     glteme1       0.80      0.73      0.76        22
     grasal3       0.84      0.96      0.90        72
     greani1       0.77      0.92      0.84        25
     greant1       0.88      0.91      0.89        95
      greela       0.93      0.91      0.92        45
      grekis       0.75      0.82      0.79        96
     grepot1       0.85      0.79      0.81        14
     gretho2       0.83      0.77      0.80        31
      greyel       0.88      0.88      0.88        95
     grfdov1       0.79      0.69      0.74        39
     grhtan1       0.78      0.74      0.76        19
     gycwor1       0.90      0.87      0.89        87
     horscr1       1.00      0.95      0.97        20
      houspa       0.83      0.88      0.85        99
     hyamac1       1.00      0.92      0.96        13
     larela1       0.68      0.86      0.76        29
     lesela1       0.91      0.83      0.87        24
     lesgrf1       0.71      0.83      0.77         6
      limpki       0.87      0.88      0.87        81
     linwoo1       0.78      0.87      0.83        71
     litcuc2       1.00      0.86      0.92        21
     litnig1       0.92      1.00      0.96        22
      mabpar       0.94      0.81      0.87        21
     magant1       0.67      0.92      0.77        13
     magtan2       0.86      0.80      0.83        15
     masgna1       0.85      0.83      0.84        53
     nacnig1       0.33      0.33      0.33         3
     ocecra1       1.00      1.00      1.00         3
     oliwoo1       0.79      0.82      0.80        85
     orbtro3       1.00      0.81      0.90        16
      orwpar       0.85      0.85      0.85        39
      osprey       0.87      0.90      0.89        99
     pabspi1       0.97      0.95      0.96        63
     palhor3       0.80      0.86      0.83        14
     paltan1       0.88      0.86      0.87        49
     phecuc1       0.90      0.90      0.90        30
     picpig2       0.69      0.78      0.74        32
     pirfly1       0.92      0.83      0.87        69
     plasla1       0.96      0.92      0.94        24
     platyr1       1.00      1.00      1.00         7
     plcjay1       0.76      0.70      0.73        37
     pluibi1       1.00      0.93      0.96        14
     purjay1       0.92      0.80      0.86        15
     pvttyr1       0.86      0.88      0.87        48
     ragmac1       0.93      0.70      0.80        20
     rebscy1       0.87      0.92      0.89        36
     recfin1       0.87      0.80      0.83        25
      redjun       0.95      0.83      0.89        42
     relser1       1.00      0.74      0.85        27
     rinkin1       0.88      0.91      0.90        47
     rivwar1       1.00      1.00      1.00        20
      roahaw       0.87      0.78      0.82        98
     rubthr1       0.78      0.86      0.82       100
     rufcac2       1.00      0.80      0.89         5
     rufcas2       0.92      0.92      0.92        12
     rufgna3       0.83      0.91      0.87        32
     rufhor2       0.84      0.76      0.80        63
     rufnig1       0.92      0.90      0.91        51
     ruftho1       0.85      0.85      0.85        20
     ruftof1       1.00      0.90      0.95        20
     rumfly1       0.87      0.84      0.85        49
     ruther1       0.82      0.82      0.82        17
     rutjac1       0.87      0.87      0.87        53
     sabspa1       1.00      0.86      0.92        14
      saffin       0.82      0.83      0.82        96
     saytan1       0.88      0.80      0.84        56
     scadov1       0.88      0.91      0.90        33
     schpar1       0.83      0.86      0.85        29
     scther1       1.00      0.90      0.95        21
     shcfly1       0.93      0.82      0.87        45
      shshaw       0.75      0.75      0.75        20
     shtnig1       0.91      0.91      0.91        33
     sibtan2       0.83      0.78      0.80        45
      smbani       0.78      0.93      0.85        61
     smbtin1       1.00      0.79      0.88        19
     sobcac1       0.60      0.70      0.65        37
     sobtyr1       0.83      0.92      0.87        98
     socfly1       0.83      0.86      0.84        99
     sofspi1       0.94      0.84      0.88        87
     souant1       0.90      0.84      0.87        32
     soulap1       0.84      0.87      0.86        99
     souscr1       0.90      0.90      0.90        21
     spbant3       0.95      0.93      0.94        41
     spispi1       0.98      0.90      0.93        48
     sptnig1       0.50      1.00      0.67         1
     squcuc1       0.92      0.84      0.88        86
     stbwoo2       0.89      0.89      0.89        44
     strcuc1       0.81      0.86      0.83        97
     strher2       0.91      0.88      0.89        33
     strowl1       0.89      0.86      0.88        37
     swthum1       0.82      0.90      0.86        20
     swtman1       0.96      0.94      0.95        71
     tattin1       0.93      0.89      0.91        28
     thlwre1       0.98      0.95      0.96        43
     toctou1       0.97      0.93      0.95        30
      trokin       0.89      0.84      0.86        97
      trsowl       0.90      0.89      0.89        98
     undtin1       0.85      0.95      0.90        41
     varant1       0.85      0.79      0.82        58
     watjac1       0.88      0.78      0.82        27
     wesfie1       0.96      0.89      0.92        27
     wfwduc1       0.96      0.93      0.94        27
     whbant2       1.00      0.80      0.89        15
     whbwar2       0.94      0.96      0.95        49
     whiwoo1       0.90      0.93      0.92        30
     whlspi1       1.00      0.83      0.91        12
     whnjay1       0.68      0.81      0.74        21
      whtdov       0.75      0.79      0.77        98
     whwpic1       0.65      0.76      0.70        17
      y00678       0.62      0.87      0.73        38
      yebcar       1.00      0.60      0.75         5
     yebela1       0.88      0.90      0.89        59
      yecmac       0.90      1.00      0.95         9
      yecpar       0.76      0.78      0.77        49
     yehcar1       0.75      0.75      0.75        16
     yeofly1       0.88      0.88      0.88        99

    accuracy                           0.86      7118
   macro avg       0.85      0.83      0.83      7118
weighted avg       0.86      0.86      0.86      7118
