              precision    recall  f1-score   support

     1161364       1.00      1.00      1.00         2
      116570       1.00      1.00      1.00         1
     1176823       1.00      0.50      0.67         2
     1595929       1.00      1.00      1.00         1
      209233       1.00      1.00      1.00         1
       22930       1.00      1.00      1.00         1
       22956       0.80      0.67      0.73         6
       22961       0.00      0.00      0.00         1
       22967       0.00      0.00      0.00         1
       22973       0.67      0.77      0.71        13
       22983       1.00      1.00      1.00         2
       22985       0.00      0.00      0.00         1
       23150       1.00      1.00      1.00         1
       23154       1.00      1.00      1.00         1
       23158       0.56      1.00      0.71         5
       23176       0.33      1.00      0.50         1
       23724       1.00      1.00      1.00         1
       24279       1.00      0.78      0.88         9
       24285       0.80      1.00      0.89         4
       24287       1.00      1.00      1.00         2
       24321       1.00      1.00      1.00         1
      244024       0.89      0.92      0.90        36
       25092       1.00      0.20      0.33         5
       25214       1.00      1.00      1.00         1
      326272       1.00      0.60      0.75         5
       41970       0.75      0.75      0.75         4
       43435       1.00      0.67      0.80         3
       47144       0.50      0.56      0.53         9
      476521       1.00      1.00      1.00         1
      516975       1.00      1.00      1.00         1
      555123       1.00      1.00      1.00         1
      555145       1.00      0.50      0.67         2
      555146       0.75      1.00      0.86         3
       64898       1.00      1.00      1.00         1
       65377       0.86      0.67      0.75         9
       65380       0.33      0.25      0.29         4
       66971       1.00      1.00      1.00         1
       67107       1.00      1.00      1.00         3
       67252       1.00      1.00      1.00         1
       70711       1.00      1.00      1.00         1
      738183       1.00      1.00      1.00         1
       74113       1.00      0.50      0.67         2
       74580       1.00      1.00      1.00         1
      760266       0.00      0.00      0.00         1
     ashgre1       1.00      0.81      0.89        21
     astcra1       0.92      0.88      0.90        26
     bafcur1       1.00      0.70      0.82        10
     baffal1       0.95      0.94      0.95        67
      banana       0.80      0.85      0.83       100
     barant1       0.91      0.85      0.88        91
     batbel1       0.88      0.96      0.92        46
      baymac       0.83      0.88      0.85        33
      bbwduc       0.86      0.89      0.87        98
     bcwfin2       0.71      0.45      0.56        11
      bkcdon       0.92      0.87      0.89        38
      bkhpar       0.91      0.95      0.93        22
     blchaw1       0.90      0.75      0.82        12
     blheag1       0.94      0.97      0.96        34
     blttit1       1.00      0.93      0.96        14
      bncfly       0.89      0.92      0.90        98
     bobfly1       0.86      0.88      0.87        98
     brcmar1       0.91      0.84      0.88        25
      brnowl       0.68      0.84      0.75        95
     bucmot4       0.90      0.82      0.86        34
      bucpar       0.79      0.88      0.83        25
      bufpar       0.71      0.90      0.80        41
     bunibi1       0.91      0.91      0.91        35
      burowl       0.88      0.75      0.81        48
     camfli1       0.91      0.88      0.89        24
     chacha1       0.86      0.95      0.90        20
     chbmoc1       0.85      0.87      0.86        54
     chobla1       0.83      0.90      0.86        49
     chvcon1       0.80      0.67      0.73        24
     cibspi1       0.80      1.00      0.89         8
     coffal1       0.90      0.92      0.91        99
      compau       0.81      0.84      0.82        99
     compot1       0.87      0.80      0.83        74
     crbthr1       0.77      0.85      0.81        54
     crebec1       1.00      0.81      0.90        16
     dwatin1       1.00      0.75      0.86         4
     epaori4       0.81      0.76      0.78        38
     eulfly1       0.87      0.92      0.89        71
     fabwre1       1.00      1.00      1.00        16
      fepowl       0.82      0.84      0.83        99
     ficman1       1.00      0.92      0.96        13
     flawar1       1.00      0.90      0.95        41
      fotfly       0.74      0.82      0.78        17
     fusfly1       0.97      0.74      0.84        50
     gilhum1       0.77      0.74      0.76        23
     giwrai1       0.69      0.82      0.75        22
     glteme1       0.80      0.73      0.76        22
     grasal3       0.86      0.96      0.91        72
     greani1       0.77      0.92      0.84        25
     greant1       0.89      0.92      0.90        95
      greela       0.88      0.93      0.90        45
      grekis       0.75      0.81      0.78        96
     grepot1       0.85      0.79      0.81        14
     gretho2       0.86      0.81      0.83        31
      greyel       0.89      0.89      0.89        95
     grfdov1       0.84      0.69      0.76        39
     grhtan1       0.79      0.79      0.79        19
     gycwor1       0.90      0.87      0.89        87
     horscr1       1.00      0.95      0.97        20
      houspa       0.82      0.90      0.86        99
     hyamac1       1.00      1.00      1.00        13
     larela1       0.74      0.86      0.79        29
     lesela1       0.87      0.83      0.85        24
     lesgrf1       0.71      0.83      0.77         6
      limpki       0.88      0.88      0.88        81
     linwoo1       0.79      0.87      0.83        71
     litcuc2       1.00      0.90      0.95        21
     litnig1       0.92      1.00      0.96        22
      mabpar       0.95      0.86      0.90        21
     magant1       0.71      0.92      0.80        13
     magtan2       0.86      0.80      0.83        15
     masgna1       0.84      0.81      0.83        53
     nacnig1       0.67      0.67      0.67         3
     ocecra1       1.00      1.00      1.00         3
     oliwoo1       0.83      0.81      0.82        85
     orbtro3       1.00      0.81      0.90        16
      orwpar       0.80      0.85      0.82        39
      osprey       0.87      0.90      0.89        99
     pabspi1       0.97      0.95      0.96        63
     palhor3       0.86      0.86      0.86        14
     paltan1       0.93      0.86      0.89        49
     phecuc1       0.93      0.93      0.93        30
     picpig2       0.76      0.91      0.83        32
     pirfly1       0.92      0.84      0.88        69
     plasla1       0.96      0.96      0.96        24
     platyr1       1.00      1.00      1.00         7
     plcjay1       0.82      0.73      0.77        37
     pluibi1       1.00      0.93      0.96        14
     purjay1       0.92      0.80      0.86        15
     pvttyr1       0.90      0.90      0.90        48
     ragmac1       0.93      0.70      0.80        20
     rebscy1       0.87      0.92      0.89        36
     recfin1       0.87      0.80      0.83        25
      redjun       0.94      0.81      0.87        42
     relser1       1.00      0.74      0.85        27
     rinkin1       0.88      0.91      0.90        47
     rivwar1       1.00      1.00      1.00        20
      roahaw       0.85      0.78      0.81        98
     rubthr1       0.76      0.87      0.81       100
     rufcac2       1.00      0.80      0.89         5
     rufcas2       1.00      0.83      0.91        12
     rufgna3       0.83      0.91      0.87        32
     rufhor2       0.82      0.75      0.78        63
     rufnig1       0.94      0.90      0.92        51
     ruftho1       0.85      0.85      0.85        20
     ruftof1       1.00      0.90      0.95        20
     rumfly1       0.87      0.82      0.84        49
     ruther1       0.74      0.82      0.78        17
     rutjac1       0.87      0.87      0.87        53
     sabspa1       1.00      0.86      0.92        14
      saffin       0.79      0.85      0.82        96
     saytan1       0.87      0.82      0.84        56
     scadov1       0.91      0.91      0.91        33
     schpar1       0.86      0.86      0.86        29
     scther1       1.00      0.90      0.95        21
     shcfly1       0.95      0.82      0.88        45
      shshaw       0.75      0.75      0.75        20
     shtnig1       0.88      0.91      0.90        33
     sibtan2       0.84      0.80      0.82        45
      smbani       0.82      0.92      0.87        61
     smbtin1       1.00      0.79      0.88        19
     sobcac1       0.67      0.70      0.68        37
     sobtyr1       0.85      0.93      0.89        98
     socfly1       0.83      0.86      0.85        99
     sofspi1       0.95      0.84      0.89        87
     souant1       0.93      0.84      0.89        32
     soulap1       0.89      0.88      0.88        99
     souscr1       0.90      0.90      0.90        21
     spbant3       0.95      0.93      0.94        41
     spispi1       0.96      0.90      0.92        48
     sptnig1       0.50      1.00      0.67         1
     squcuc1       0.94      0.84      0.88        86
     stbwoo2       0.91      0.91      0.91        44
     strcuc1       0.84      0.82      0.83        97
     strher2       0.91      0.88      0.89        33
     strowl1       0.94      0.86      0.90        37
     swthum1       0.72      0.90      0.80        20
     swtman1       0.96      0.96      0.96        71
     tattin1       0.93      0.89      0.91        28
     thlwre1       0.95      0.95      0.95        43
     toctou1       0.93      0.93      0.93        30
      trokin       0.91      0.84      0.87        97
      trsowl       0.91      0.90      0.90        98
     undtin1       0.85      0.95      0.90        41
     varant1       0.90      0.79      0.84        58
     watjac1       0.88      0.78      0.82        27
     wesfie1       0.96      0.89      0.92        27
     wfwduc1       0.96      0.93      0.94        27
     whbant2       1.00      0.87      0.93        15
     whbwar2       0.96      0.96      0.96        49
     whiwoo1       0.90      0.93      0.92        30
     whlspi1       1.00      0.83      0.91        12
     whnjay1       0.71      0.81      0.76        21
      whtdov       0.75      0.81      0.78        98
     whwpic1       0.70      0.82      0.76        17
      y00678       0.69      0.87      0.77        38
      yebcar       1.00      0.60      0.75         5
     yebela1       0.88      0.90      0.89        59
      yecmac       1.00      1.00      1.00         9
      yecpar       0.78      0.80      0.79        49
     yehcar1       0.71      0.75      0.73        16
     yeofly1       0.86      0.89      0.88        99

    accuracy                           0.86      7118
   macro avg       0.86      0.84      0.85      7118
weighted avg       0.87      0.86      0.86      7118
