              precision    recall  f1-score   support

     1161364       1.00      1.00      1.00         2
      116570       1.00      1.00      1.00         1
     1176823       1.00      0.50      0.67         2
     1595929       1.00      1.00      1.00         1
      209233       0.00      0.00      0.00         1
       22930       0.00      0.00      0.00         1
       22956       0.80      0.67      0.73         6
       22961       0.00      0.00      0.00         1
       22967       0.00      0.00      0.00         1
       22973       0.69      0.69      0.69        13
       22983       1.00      1.00      1.00         2
       22985       0.00      0.00      0.00         1
       23150       1.00      1.00      1.00         1
       23154       0.00      0.00      0.00         1
       23158       0.50      0.80      0.62         5
       23176       0.00      0.00      0.00         1
       23724       1.00      1.00      1.00         1
       24279       1.00      0.67      0.80         9
       24285       1.00      1.00      1.00         4
       24287       0.00      0.00      0.00         2
       24321       1.00      1.00      1.00         1
      244024       0.92      0.94      0.93        36
       25092       0.00      0.00      0.00         5
       25214       1.00      1.00      1.00         1
      326272       1.00      0.60      0.75         5
       41970       1.00      0.75      0.86         4
       43435       1.00      0.67      0.80         3
       47144       0.50      0.44      0.47         9
      476521       1.00      1.00      1.00         1
      516975       1.00      1.00      1.00         1
      555123       1.00      1.00      1.00         1
      555145       1.00      0.50      0.67         2
      555146       1.00      1.00      1.00         3
       64898       1.00      1.00      1.00         1
       65377       0.86      0.67      0.75         9
       65380       0.33      0.25      0.29         4
       66971       0.00      0.00      0.00         1
       67107       1.00      1.00      1.00         3
       67252       1.00      1.00      1.00         1
       70711       1.00      1.00      1.00         1
      738183       1.00      1.00      1.00         1
       74113       1.00      0.50      0.67         2
       74580       0.00      0.00      0.00         1
      760266       0.00      0.00      0.00         1
     ashgre1       1.00      0.81      0.89        21
     astcra1       0.96      0.85      0.90        26
     bafcur1       1.00      0.70      0.82        10
     baffal1       0.94      0.97      0.96        67
      banana       0.73      0.90      0.81       100
     barant1       0.85      0.81      0.83        91
     batbel1       0.93      0.93      0.93        46
      baymac       0.85      0.88      0.87        33
      bbwduc       0.79      0.87      0.83        98
     bcwfin2       0.83      0.45      0.59        11
      bkcdon       0.94      0.79      0.86        38
      bkhpar       0.95      0.91      0.93        22
     blchaw1       1.00      0.58      0.74        12
     blheag1       0.91      0.91      0.91        34
     blttit1       1.00      0.64      0.78        14
      bncfly       0.84      0.91      0.87        98
     bobfly1       0.80      0.88      0.84        98
     brcmar1       1.00      0.84      0.91        25
      brnowl       0.49      0.85      0.62        95
     bucmot4       0.88      0.85      0.87        34
      bucpar       0.88      0.84      0.86        25
      bufpar       0.81      0.83      0.82        41
     bunibi1       0.91      0.91      0.91        35
      burowl       0.87      0.71      0.78        48
     camfli1       0.95      0.79      0.86        24
     chacha1       0.95      0.90      0.92        20
     chbmoc1       0.80      0.89      0.84        54
     chobla1       0.81      0.88      0.84        49
     chvcon1       0.78      0.58      0.67        24
     cibspi1       0.78      0.88      0.82         8
     coffal1       0.92      0.89      0.90        99
      compau       0.79      0.83      0.81        99
     compot1       0.81      0.85      0.83        74
     crbthr1       0.85      0.83      0.84        54
     crebec1       0.92      0.69      0.79        16
     dwatin1       1.00      0.50      0.67         4
     epaori4       0.81      0.68      0.74        38
     eulfly1       0.93      0.89      0.91        71
     fabwre1       1.00      0.94      0.97        16
      fepowl       0.88      0.82      0.85        99
     ficman1       1.00      0.92      0.96        13
     flawar1       0.97      0.88      0.92        41
      fotfly       1.00      0.76      0.87        17
     fusfly1       0.95      0.76      0.84        50
     gilhum1       0.94      0.70      0.80        23
     giwrai1       0.94      0.73      0.82        22
     glteme1       0.89      0.73      0.80        22
     grasal3       0.90      0.96      0.93        72
     greani1       0.81      0.88      0.85        25
     greant1       0.88      0.96      0.92        95
      greela       0.95      0.93      0.94        45
      grekis       0.73      0.86      0.79        96
     grepot1       1.00      0.64      0.78        14
     gretho2       0.88      0.74      0.81        31
      greyel       0.78      0.92      0.84        95
     grfdov1       0.87      0.69      0.77        39
     grhtan1       0.88      0.79      0.83        19
     gycwor1       0.91      0.92      0.91        87
     horscr1       1.00      0.90      0.95        20
      houspa       0.80      0.87      0.83        99
     hyamac1       1.00      0.92      0.96        13
     larela1       0.81      0.90      0.85        29
     lesela1       0.91      0.83      0.87        24
     lesgrf1       1.00      0.83      0.91         6
      limpki       0.85      0.84      0.84        81
     linwoo1       0.81      0.86      0.84        71
     litcuc2       1.00      0.86      0.92        21
     litnig1       0.88      0.95      0.91        22
      mabpar       1.00      0.71      0.83        21
     magant1       0.91      0.77      0.83        13
     magtan2       0.92      0.80      0.86        15
     masgna1       0.87      0.77      0.82        53
     nacnig1       0.00      0.00      0.00         3
     ocecra1       1.00      0.67      0.80         3
     oliwoo1       0.62      0.86      0.72        85
     orbtro3       1.00      0.69      0.81        16
      orwpar       0.86      0.79      0.83        39
      osprey       0.69      0.93      0.79        99
     pabspi1       0.98      0.90      0.94        63
     palhor3       1.00      0.79      0.88        14
     paltan1       0.89      0.84      0.86        49
     phecuc1       1.00      0.90      0.95        30
     picpig2       0.83      0.91      0.87        32
     pirfly1       0.91      0.86      0.88        69
     plasla1       1.00      0.83      0.91        24
     platyr1       1.00      1.00      1.00         7
     plcjay1       0.73      0.81      0.77        37
     pluibi1       1.00      0.79      0.88        14
     purjay1       0.91      0.67      0.77        15
     pvttyr1       0.93      0.81      0.87        48
     ragmac1       0.94      0.75      0.83        20
     rebscy1       0.94      0.92      0.93        36
     recfin1       0.90      0.76      0.83        25
      redjun       0.94      0.81      0.87        42
     relser1       1.00      0.67      0.80        27
     rinkin1       0.93      0.83      0.88        47
     rivwar1       1.00      0.95      0.97        20
      roahaw       0.82      0.76      0.79        98
     rubthr1       0.69      0.90      0.78       100
     rufcac2       1.00      0.60      0.75         5
     rufcas2       1.00      0.67      0.80        12
     rufgna3       0.93      0.88      0.90        32
     rufhor2       0.81      0.79      0.80        63
     rufnig1       0.96      0.92      0.94        51
     ruftho1       0.94      0.75      0.83        20
     ruftof1       1.00      0.85      0.92        20
     rumfly1       0.91      0.82      0.86        49
     ruther1       0.81      0.76      0.79        17
     rutjac1       0.91      0.91      0.91        53
     sabspa1       1.00      0.79      0.88        14
      saffin       0.72      0.88      0.79        96
     saytan1       0.84      0.84      0.84        56
     scadov1       0.88      0.88      0.88        33
     schpar1       0.92      0.83      0.87        29
     scther1       1.00      0.90      0.95        21
     shcfly1       0.92      0.78      0.84        45
      shshaw       1.00      0.60      0.75        20
     shtnig1       0.91      0.91      0.91        33
     sibtan2       0.79      0.82      0.80        45
      smbani       0.86      0.89      0.87        61
     smbtin1       1.00      0.63      0.77        19
     sobcac1       0.61      0.68      0.64        37
     sobtyr1       0.82      0.92      0.87        98
     socfly1       0.70      0.84      0.76        99
     sofspi1       0.94      0.83      0.88        87
     souant1       0.93      0.81      0.87        32
     soulap1       0.86      0.90      0.88        99
     souscr1       0.95      0.90      0.93        21
     spbant3       0.97      0.88      0.92        41
     spispi1       0.98      0.88      0.92        48
     sptnig1       1.00      1.00      1.00         1
     squcuc1       0.74      0.90      0.81        86
     stbwoo2       0.93      0.84      0.88        44
     strcuc1       0.91      0.82      0.86        97
     strher2       0.96      0.79      0.87        33
     strowl1       0.93      0.70      0.80        37
     swthum1       0.70      0.80      0.74        20
     swtman1       0.94      0.96      0.95        71
     tattin1       0.96      0.89      0.93        28
     thlwre1       0.95      0.98      0.97        43
     toctou1       0.96      0.90      0.93        30
      trokin       0.85      0.85      0.85        97
      trsowl       0.90      0.90      0.90        98
     undtin1       0.84      0.93      0.88        41
     varant1       0.88      0.79      0.84        58
     watjac1       1.00      0.74      0.85        27
     wesfie1       1.00      0.85      0.92        27
     wfwduc1       0.96      0.89      0.92        27
     whbant2       1.00      0.80      0.89        15
     whbwar2       0.94      0.96      0.95        49
     whiwoo1       0.96      0.83      0.89        30
     whlspi1       1.00      0.92      0.96        12
     whnjay1       0.89      0.76      0.82        21
      whtdov       0.69      0.81      0.75        98
     whwpic1       0.80      0.71      0.75        17
      y00678       0.72      0.89      0.80        38
      yebcar       1.00      0.60      0.75         5
     yebela1       0.92      0.93      0.92        59
      yecmac       1.00      0.89      0.94         9
      yecpar       0.85      0.82      0.83        49
     yehcar1       0.90      0.56      0.69        16
     yeofly1       0.90      0.91      0.90        99

    accuracy                           0.85      7118
   macro avg       0.85      0.77      0.80      7118
weighted avg       0.86      0.85      0.85      7118
