              precision    recall  f1-score   support

     1161364       1.00      0.50      0.67         2
      116570       1.00      1.00      1.00         1
     1176823       1.00      0.50      0.67         2
     1595929       0.00      0.00      0.00         1
      209233       0.33      1.00      0.50         1
       22930       1.00      1.00      1.00         1
       22956       0.60      0.50      0.55         6
       22961       0.00      0.00      0.00         1
       22967       0.00      0.00      0.00         1
       22973       0.69      0.69      0.69        13
       22983       1.00      1.00      1.00         2
       22985       0.00      0.00      0.00         1
       23150       1.00      1.00      1.00         1
       23154       0.50      1.00      0.67         1
       23158       0.60      0.60      0.60         5
       23176       1.00      1.00      1.00         1
       23724       1.00      1.00      1.00         1
       24279       0.67      0.67      0.67         9
       24285       1.00      0.75      0.86         4
       24287       1.00      0.50      0.67         2
       24321       1.00      1.00      1.00         1
      244024       0.75      0.92      0.82        36
       25092       0.00      0.00      0.00         5
       25214       1.00      1.00      1.00         1
      326272       0.50      0.60      0.55         5
       41970       1.00      0.75      0.86         4
       43435       0.20      0.33      0.25         3
       47144       0.57      0.44      0.50         9
      476521       1.00      1.00      1.00         1
      516975       1.00      1.00      1.00         1
      555123       0.50      1.00      0.67         1
      555145       0.00      0.00      0.00         2
      555146       1.00      0.67      0.80         3
       64898       1.00      1.00      1.00         1
       65377       0.56      0.56      0.56         9
       65380       0.33      0.25      0.29         4
       66971       0.00      0.00      0.00         1
       67107       0.50      0.33      0.40         3
       67252       0.50      1.00      0.67         1
       70711       0.50      1.00      0.67         1
      738183       1.00      1.00      1.00         1
       74113       0.00      0.00      0.00         2
       74580       0.00      0.00      0.00         1
      760266       0.00      0.00      0.00         1
     ashgre1       0.89      0.76      0.82        21
     astcra1       0.84      0.81      0.82        26
     bafcur1       0.75      0.60      0.67        10
     baffal1       0.89      0.93      0.91        67
      banana       0.57      0.85      0.68       100
     barant1       0.75      0.75      0.75        91
     batbel1       0.81      0.91      0.86        46
      baymac       0.61      0.85      0.71        33
      bbwduc       0.62      0.76      0.68        98
     bcwfin2       1.00      0.18      0.31        11
      bkcdon       0.84      0.71      0.77        38
      bkhpar       0.82      0.82      0.82        22
     blchaw1       1.00      0.17      0.29        12
     blheag1       0.82      0.79      0.81        34
     blttit1       0.71      0.36      0.48        14
      bncfly       0.60      0.86      0.71        98
     bobfly1       0.73      0.78      0.75        98
     brcmar1       0.91      0.80      0.85        25
      brnowl       0.39      0.84      0.53        95
     bucmot4       0.76      0.76      0.76        34
      bucpar       0.70      0.84      0.76        25
      bufpar       0.68      0.83      0.75        41
     bunibi1       0.89      0.89      0.89        35
      burowl       0.83      0.71      0.76        48
     camfli1       0.93      0.54      0.68        24
     chacha1       0.83      0.75      0.79        20
     chbmoc1       0.72      0.54      0.62        54
     chobla1       0.71      0.82      0.76        49
     chvcon1       0.88      0.62      0.73        24
     cibspi1       0.70      0.88      0.78         8
     coffal1       0.79      0.90      0.84        99
      compau       0.74      0.85      0.79        99
     compot1       0.57      0.80      0.66        74
     crbthr1       0.84      0.70      0.77        54
     crebec1       1.00      0.56      0.72        16
     dwatin1       1.00      0.75      0.86         4
     epaori4       0.36      0.13      0.19        38
     eulfly1       0.82      0.86      0.84        71
     fabwre1       1.00      0.75      0.86        16
      fepowl       0.70      0.75      0.73        99
     ficman1       0.92      0.92      0.92        13
     flawar1       0.92      0.85      0.89        41
      fotfly       0.88      0.82      0.85        17
     fusfly1       0.73      0.54      0.62        50
     gilhum1       0.94      0.65      0.77        23
     giwrai1       1.00      0.45      0.62        22
     glteme1       0.83      0.68      0.75        22
     grasal3       0.74      0.86      0.79        72
     greani1       0.92      0.88      0.90        25
     greant1       0.85      0.86      0.85        95
      greela       0.88      0.62      0.73        45
      grekis       0.59      0.72      0.65        96
     grepot1       1.00      0.50      0.67        14
     gretho2       0.86      0.61      0.72        31
      greyel       0.68      0.79      0.73        95
     grfdov1       0.83      0.64      0.72        39
     grhtan1       0.86      0.32      0.46        19
     gycwor1       0.79      0.84      0.82        87
     horscr1       0.72      0.90      0.80        20
      houspa       0.61      0.81      0.69        99
     hyamac1       1.00      0.69      0.82        13
     larela1       0.82      0.62      0.71        29
     lesela1       0.95      0.79      0.86        24
     lesgrf1       0.80      0.67      0.73         6
      limpki       0.68      0.83      0.74        81
     linwoo1       0.66      0.76      0.71        71
     litcuc2       0.92      0.57      0.71        21
     litnig1       0.91      0.95      0.93        22
      mabpar       0.88      0.67      0.76        21
     magant1       0.82      0.69      0.75        13
     magtan2       0.67      0.13      0.22        15
     masgna1       0.87      0.64      0.74        53
     nacnig1       1.00      0.33      0.50         3
     ocecra1       0.67      0.67      0.67         3
     oliwoo1       0.58      0.45      0.51        85
     orbtro3       1.00      0.44      0.61        16
      orwpar       0.81      0.74      0.77        39
      osprey       0.54      0.84      0.66        99
     pabspi1       0.87      0.84      0.85        63
     palhor3       1.00      0.50      0.67        14
     paltan1       0.84      0.73      0.78        49
     phecuc1       0.90      0.87      0.88        30
     picpig2       0.74      0.72      0.73        32
     pirfly1       0.81      0.81      0.81        69
     plasla1       0.94      0.67      0.78        24
     platyr1       1.00      0.71      0.83         7
     plcjay1       0.81      0.59      0.69        37
     pluibi1       1.00      0.71      0.83        14
     purjay1       0.92      0.73      0.81        15
     pvttyr1       0.80      0.75      0.77        48
     ragmac1       0.80      0.60      0.69        20
     rebscy1       0.95      0.58      0.72        36
     recfin1       0.86      0.76      0.81        25
      redjun       0.82      0.64      0.72        42
     relser1       0.95      0.67      0.78        27
     rinkin1       0.73      0.79      0.76        47
     rivwar1       1.00      0.85      0.92        20
      roahaw       0.64      0.69      0.67        98
     rubthr1       0.66      0.82      0.73       100
     rufcac2       1.00      0.40      0.57         5
     rufcas2       1.00      0.42      0.59        12
     rufgna3       0.81      0.66      0.72        32
     rufhor2       0.79      0.65      0.71        63
     rufnig1       0.85      0.92      0.89        51
     ruftho1       0.92      0.55      0.69        20
     ruftof1       0.79      0.75      0.77        20
     rumfly1       0.80      0.65      0.72        49
     ruther1       1.00      0.59      0.74        17
     rutjac1       0.85      0.66      0.74        53
     sabspa1       1.00      0.86      0.92        14
      saffin       0.61      0.74      0.67        96
     saytan1       0.76      0.70      0.73        56
     scadov1       0.77      0.91      0.83        33
     schpar1       0.81      0.86      0.83        29
     scther1       0.79      0.71      0.75        21
     shcfly1       0.93      0.62      0.75        45
      shshaw       0.56      0.25      0.34        20
     shtnig1       0.79      0.67      0.72        33
     sibtan2       0.65      0.69      0.67        45
      smbani       0.88      0.80      0.84        61
     smbtin1       0.93      0.74      0.82        19
     sobcac1       0.67      0.11      0.19        37
     sobtyr1       0.70      0.82      0.75        98
     socfly1       0.73      0.78      0.75        99
     sofspi1       0.80      0.78      0.79        87
     souant1       0.93      0.78      0.85        32
     soulap1       0.72      0.84      0.78        99
     souscr1       0.94      0.76      0.84        21
     spbant3       0.95      0.85      0.90        41
     spispi1       0.93      0.88      0.90        48
     sptnig1       0.33      1.00      0.50         1
     squcuc1       0.72      0.70      0.71        86
     stbwoo2       0.85      0.66      0.74        44
     strcuc1       0.85      0.79      0.82        97
     strher2       0.86      0.55      0.67        33
     strowl1       0.65      0.30      0.41        37
     swthum1       0.90      0.45      0.60        20
     swtman1       0.89      0.94      0.92        71
     tattin1       1.00      0.86      0.92        28
     thlwre1       0.93      0.86      0.89        43
     toctou1       0.90      0.87      0.88        30
      trokin       0.82      0.77      0.80        97
      trsowl       0.85      0.87      0.86        98
     undtin1       0.88      0.88      0.88        41
     varant1       0.81      0.72      0.76        58
     watjac1       0.89      0.59      0.71        27
     wesfie1       1.00      0.63      0.77        27
     wfwduc1       0.91      0.74      0.82        27
     whbant2       1.00      0.73      0.85        15
     whbwar2       0.69      0.88      0.77        49
     whiwoo1       0.96      0.73      0.83        30
     whlspi1       0.92      1.00      0.96        12
     whnjay1       0.59      0.62      0.60        21
      whtdov       0.62      0.81      0.70        98
     whwpic1       0.68      0.76      0.72        17
      y00678       0.74      0.53      0.62        38
      yebcar       1.00      0.60      0.75         5
     yebela1       0.91      0.73      0.81        59
      yecmac       1.00      0.89      0.94         9
      yecpar       0.68      0.82      0.74        49
     yehcar1       0.67      0.25      0.36        16
     yeofly1       0.69      0.83      0.76        99

    accuracy                           0.74      7118
   macro avg       0.77      0.68      0.70      7118
weighted avg       0.77      0.74      0.74      7118
