              precision    recall  f1-score   support

     1161364       0.11      0.50      0.18         2
      116570       0.00      0.00      0.00         1
     1176823       0.00      0.00      0.00         2
     1595929       0.00      0.00      0.00         1
      209233       0.00      0.00      0.00         1
       22930       0.00      0.00      0.00         1
       22956       0.17      0.33      0.22         6
       22961       0.00      0.00      0.00         1
       22967       0.00      0.00      0.00         1
       22973       0.13      0.46      0.20        13
       22983       0.00      0.00      0.00         2
       22985       0.00      0.00      0.00         1
       23150       0.11      1.00      0.20         1
       23154       0.00      0.00      0.00         1
       23158       0.06      0.20      0.10         5
       23176       0.00      0.00      0.00         1
       23724       0.33      1.00      0.50         1
       24279       0.13      0.44      0.21         9
       24285       0.00      0.00      0.00         4
       24287       0.00      0.00      0.00         2
       24321       0.00      0.00      0.00         1
      244024       0.43      0.56      0.48        36
       25092       0.00      0.00      0.00         5
       25214       1.00      1.00      1.00         1
      326272       0.08      0.40      0.13         5
       41970       0.00      0.00      0.00         4
       43435       0.00      0.00      0.00         3
       47144       0.12      0.22      0.15         9
      476521       0.33      1.00      0.50         1
      516975       0.17      1.00      0.29         1
      555123       0.00      0.00      0.00         1
      555145       0.00      0.00      0.00         2
      555146       0.00      0.00      0.00         3
       64898       0.33      1.00      0.50         1
       65377       0.00      0.00      0.00         9
       65380       0.00      0.00      0.00         4
       66971       0.00      0.00      0.00         1
       67107       0.17      0.67      0.27         3
       67252       0.04      1.00      0.08         1
       70711       0.50      1.00      0.67         1
      738183       0.00      0.00      0.00         1
       74113       0.00      0.00      0.00         2
       74580       0.07      1.00      0.13         1
      760266       0.00      0.00      0.00         1
     ashgre1       0.20      0.33      0.25        21
     astcra1       0.25      0.54      0.34        26
     bafcur1       0.38      0.30      0.33        10
     baffal1       0.00      0.00      0.00        67
      banana       0.44      0.51      0.47       100
     barant1       0.00      0.00      0.00        91
     batbel1       0.35      0.78      0.48        46
      baymac       0.00      0.00      0.00        33
      bbwduc       0.00      0.00      0.00        98
     bcwfin2       0.03      0.09      0.05        11
      bkcdon       0.53      0.47      0.50        38
      bkhpar       0.27      0.59      0.37        22
     blchaw1       0.07      0.17      0.10        12
     blheag1       0.42      0.47      0.44        34
     blttit1       0.17      0.50      0.25        14
      bncfly       0.51      0.65      0.57        98
     bobfly1       0.44      0.55      0.49        98
     brcmar1       0.00      0.00      0.00        25
      brnowl       0.00      0.00      0.00        95
     bucmot4       0.25      0.53      0.34        34
      bucpar       0.00      0.00      0.00        25
      bufpar       0.00      0.00      0.00        41
     bunibi1       0.61      0.66      0.63        35
      burowl       0.34      0.44      0.39        48
     camfli1       0.22      0.42      0.29        24
     chacha1       0.12      0.20      0.15        20
     chbmoc1       0.27      0.35      0.30        54
     chobla1       0.09      0.47      0.16        49
     chvcon1       0.43      0.54      0.48        24
     cibspi1       0.38      0.38      0.38         8
     coffal1       0.48      0.58      0.53        99
      compau       0.57      0.62      0.59        99
     compot1       0.00      0.00      0.00        74
     crbthr1       0.00      0.00      0.00        54
     crebec1       0.12      0.25      0.16        16
     dwatin1       0.00      0.00      0.00         4
     epaori4       0.00      0.00      0.00        38
     eulfly1       0.39      0.56      0.46        71
     fabwre1       0.00      0.00      0.00        16
      fepowl       0.00      0.00      0.00        99
     ficman1       0.25      0.23      0.24        13
     flawar1       0.00      0.00      0.00        41
      fotfly       0.41      0.41      0.41        17
     fusfly1       0.22      0.44      0.29        50
     gilhum1       0.05      0.13      0.07        23
     giwrai1       0.17      0.50      0.25        22
     glteme1       0.15      0.50      0.23        22
     grasal3       0.00      0.00      0.00        72
     greani1       0.18      0.36      0.24        25
     greant1       0.38      0.39      0.38        95
      greela       0.39      0.44      0.42        45
      grekis       0.00      0.00      0.00        96
     grepot1       0.00      0.00      0.00        14
     gretho2       0.00      0.00      0.00        31
      greyel       0.00      0.00      0.00        95
     grfdov1       0.29      0.56      0.38        39
     grhtan1       0.21      0.26      0.23        19
     gycwor1       0.00      0.00      0.00        87
     horscr1       0.19      0.30      0.23        20
      houspa       0.00      0.00      0.00        99
     hyamac1       0.00      0.00      0.00        13
     larela1       0.23      0.34      0.27        29
     lesela1       0.26      0.38      0.31        24
     lesgrf1       0.00      0.00      0.00         6
      limpki       0.00      0.00      0.00        81
     linwoo1       0.36      0.56      0.44        71
     litcuc2       0.00      0.00      0.00        21
     litnig1       0.41      0.50      0.45        22
      mabpar       0.31      0.38      0.34        21
     magant1       0.07      0.46      0.13        13
     magtan2       0.05      0.13      0.08        15
     masgna1       0.34      0.40      0.37        53
     nacnig1       0.00      0.00      0.00         3
     ocecra1       0.22      0.67      0.33         3
     oliwoo1       0.00      0.00      0.00        85
     orbtro3       0.13      0.31      0.19        16
      orwpar       0.00      0.00      0.00        39
      osprey       0.38      0.58      0.46        99
     pabspi1       0.47      0.67      0.55        63
     palhor3       0.00      0.00      0.00        14
     paltan1       0.00      0.00      0.00        49
     phecuc1       0.57      0.67      0.62        30
     picpig2       0.00      0.00      0.00        32
     pirfly1       0.00      0.00      0.00        69
     plasla1       0.27      0.54      0.36        24
     platyr1       0.29      0.29      0.29         7
     plcjay1       0.00      0.00      0.00        37
     pluibi1       0.26      0.57      0.36        14
     purjay1       0.13      0.27      0.18        15
     pvttyr1       0.39      0.60      0.48        48
     ragmac1       0.20      0.30      0.24        20
     rebscy1       0.00      0.00      0.00        36
     recfin1       0.29      0.52      0.37        25
      redjun       0.00      0.00      0.00        42
     relser1       0.42      0.59      0.49        27
     rinkin1       0.33      0.55      0.41        47
     rivwar1       0.29      0.60      0.39        20
      roahaw       0.07      0.18      0.11        98
     rubthr1       0.38      0.48      0.42       100
     rufcac2       0.17      0.20      0.18         5
     rufcas2       0.25      0.25      0.25        12
     rufgna3       0.17      0.56      0.26        32
     rufhor2       0.41      0.48      0.44        63
     rufnig1       0.64      0.69      0.66        51
     ruftho1       0.10      0.15      0.12        20
     ruftof1       0.38      0.55      0.45        20
     rumfly1       0.07      0.27      0.11        49
     ruther1       0.00      0.00      0.00        17
     rutjac1       0.00      0.00      0.00        53
     sabspa1       0.36      0.64      0.46        14
      saffin       0.43      0.50      0.46        96
     saytan1       0.30      0.48      0.37        56
     scadov1       0.00      0.00      0.00        33
     schpar1       0.23      0.72      0.35        29
     scther1       0.43      0.48      0.45        21
     shcfly1       0.00      0.00      0.00        45
      shshaw       0.00      0.00      0.00        20
     shtnig1       0.54      0.39      0.46        33
     sibtan2       0.22      0.44      0.29        45
      smbani       0.39      0.62      0.48        61
     smbtin1       0.00      0.00      0.00        19
     sobcac1       0.07      0.11      0.09        37
     sobtyr1       0.00      0.00      0.00        98
     socfly1       0.41      0.49      0.45        99
     sofspi1       0.00      0.00      0.00        87
     souant1       0.07      0.56      0.13        32
     soulap1       0.00      0.00      0.00        99
     souscr1       0.00      0.00      0.00        21
     spbant3       0.24      0.61      0.34        41
     spispi1       0.37      0.69      0.48        48
     sptnig1       0.20      1.00      0.33         1
     squcuc1       0.00      0.00      0.00        86
     stbwoo2       0.22      0.32      0.26        44
     strcuc1       0.00      0.00      0.00        97
     strher2       0.00      0.00      0.00        33
     strowl1       0.00      0.00      0.00        37
     swthum1       0.26      0.40      0.31        20
     swtman1       0.00      0.00      0.00        71
     tattin1       0.31      0.57      0.40        28
     thlwre1       0.00      0.00      0.00        43
     toctou1       0.52      0.80      0.63        30
      trokin       0.45      0.62      0.52        97
      trsowl       0.58      0.70      0.64        98
     undtin1       0.00      0.00      0.00        41
     varant1       0.00      0.00      0.00        58
     watjac1       0.20      0.33      0.25        27
     wesfie1       0.00      0.00      0.00        27
     wfwduc1       0.40      0.67      0.50        27
     whbant2       0.40      0.40      0.40        15
     whbwar2       0.21      0.65      0.32        49
     whiwoo1       0.22      0.67      0.33        30
     whlspi1       0.36      0.33      0.35        12
     whnjay1       0.12      0.24      0.16        21
      whtdov       0.00      0.00      0.00        98
     whwpic1       0.37      0.41      0.39        17
      y00678       0.00      0.00      0.00        38
      yebcar       0.05      0.20      0.08         5
     yebela1       0.00      0.00      0.00        59
      yecmac       0.06      0.33      0.10         9
      yecpar       0.00      0.00      0.00        49
     yehcar1       0.00      0.00      0.00        16
     yeofly1       0.00      0.00      0.00        99

    accuracy                           0.27      7118
   macro avg       0.16      0.29      0.20      7118
weighted avg       0.19      0.27      0.22      7118
